3,2
3,1
3,3
10,278
10,111
10,15
10,24
10,198
10,117
10,230
10,64
8,14
8,4
8,13
8,12
8,17
8,16
8,15
8,2
8,3
55,4
55,3
55,2
55,1
55,0
54,3
2,2
54,2
54,1
2,1
54,0
53,3
53,2
2,3
53,1
53,0
52,4
52,3
52,2
52,1
52,0
51,4
51,3
51,2
51,1
51,0
49,5
49,4
49,3
49,2
49,1
49,0
46,5
46,4
46,3
46,2
46,1
46,0
44,5
44,4
44,1
32,3
32,1
20,3
20,2
20,1
19,3
19,2
19,1
18,3
18,1
14,3
14,1
13,3
13,1
12,3
12,2
12,1
11,30
11,28
11,27
11,25
11,23
11,22
11,21
11,18
11,17
11,16
11,15
11,14
11,13
11,11
11,10
11,8
11,6
11,5
11,4
11,3
11,2
11,1
10,296
10,295
10,289
10,285
